010100000110100010101000001001010011110100001101
011101010101011111110001010100001101011101010001
010110101001010111111011110001010100000010101001
100101010010100100000111110000000001010011111110
100000000001011010100001010101010011111010101010
111001011100000111111101010010100110100101010111
111010100011111001011011110101010000001000001111
000101011110100001011000001011110101010010101100
100100000100001111110000000101011101010111111010
011001010000000101010011111010100100000110100101
000010101100001011110001010110100011111110100000
111001011101011000001000000011111011111100000011
001001011111111001010001010010101001011100001100
001101011011110010101111111111110000001001010100
000001011111111100001010100011111011110001011000
010111110001011100000010100011110110100011111101
110110100111111101011010100011110001010111110111
010010100110101100001110101100000110100001011001
011010101010101011110101010001011101010100000001
010010100011110000000110100101010001010101011101
111000001001011101010100001010101101010101010011
011110100110101001011000000110101001011010101001
000101011101010100001110100111111111111111111100
111100001111110000000010101010100100001011110011
010111110011110100000100000001010000000001010101
001111110110101100000100000000000111111100000000
100010100010101010100001011111110011111001011110
000011111001011000001111111101011101010100000000
010011111011111111110100000111111100001100001001
111010101011110010100001010101011101010011110111
000010100110100110101101010101010110100010101000
100000001110101001011001010110100010100011111010
010010100010101000000111110011111100001000000001
111011111101011010100101010001011000000111111111
001110100000001011111111110010101001010010101100
011010101100001100001011110010100100000100000001
000001011001011011111000001000000101010111111100
111101010000001100001101010011110100001100000111
100111111011111011110011110001011000000001011010
001111110100000101011110101110100111111100001000
100101011001011011110001010011110101010011110010
100101010101011101011101011010100110100100001110
101001010101010011111110100011110010100011111010
111110100000000100001111110101010111111001010111
110100000001010011110010101011110101010000001111
001000000001011100001111111000001010100100001100
011101011011110010100011110101010100001011110001
101101011100001110101110100011110110100100001110
101100001000001011111000000101011100000100001110
001001011101010000001110100100001000001011111100
101110101001011000000001010111110111110101010110
000111110110100011111110100101011111110011110100
100010101110100111110001011110101111110010100110
001111110100000010100101011000000001010001010100
111001010010100111111010101101010001010111111011
110101011001011010100010101011110001011001011111
100000000111111100001010101010100110101111110010
011111111111110110100000000101011101011100000001
100110100000000000000000000011110011110001010110
000111111101010111111101010001011100001010100000
001011110110100111111110100110100100001001011000
111011110111110111111111110100001110101011110111
111100000000001001010110101100000110100110100011
011110101011111011110010100011110110100110100101
100111110010101111111000001011111101010011110110
011111111101011010100010101111111011110000000001
110110100101011101011110101101011000001010100111
101111110100000001011100000010100011111000000110
100010101110101110101101011010100111111011110110
100000000100001111111010100110101100000100001110
000101010111110111111111110100001011111111111100
010110100000000101010111110011110101010001011001
100100001110101111110001011011110101011100001110
001111110100000100000001011011110111110100001000
100100001000000110100110100001010000000101010010
000010100101010010100101010110101001011000001000
011011110100001001011000000010100010101100000001
011110100111111110101010101100001101010010100101
100011110100000011111101010100001100001101010010
000110100011111101010000000000000001010110100000
110110101101011011110100000111110100001110100011
100011110011110011111001010110100111110000000110
001000000101010110101010100011110010100000000100
001101011011111001011011110010100000000001010000
110110101110100110101101010100001111110010101111
101000001100000001010001011101010011111001011010
000011111011110010100011110100001110101111110000
100010101000001110101111111011110101010110101110
100111110110101100000101010001010010100001010010
110010100001011011110000001001011011111011111011
110000000000001011111101010010101011111111110111
100101011101010011110110100011111101011110100110
111010101010101101011111111011111000000000001111
100010101100000001011101010000001011110100000010
001111110101011110101001011010101111110010100000
010100000001011001011000001000001000000100001001
110111110001010001010110100101010111111111110011
000001011111111001011010100010101101010000000000
100000000111110100000101010001011100001101010010
111101011001011110100011110010101011111010100111
101110101000001101010011111111110011111100001010
110110101111111110100110101101011100000011110111
000101010011111011111110100100000100000011111000
100101010100001000001001010110100010101011111010
001110101001010011110011110001010111111001010100
011111111110101001011100000000001001010000001101
000111110001011100000111110001010101011011110100
101101010100001111110011111101010000001011111110
010000001001011100001000000111111110101101010001
000100001001010001011110101011110111110010101100
000011111110100100000000000011110111110011110000
101100001111110011110001011001010011110011111110
101011110111110101010100001100000111110010101010
111000000011110011110101011010101111111111111011
101111111110100101010010100000001101010110101010
101100000001011011111000001000001011111010101010
110001010110101010100011110010100010100100001011
000100001110100101011011110110101111111011110100
010111110100001100000111110110101011110001010101
000000000101011101011111110001010111110101011100
100100000100000110100010101111110101011010101010
110000000011111000000001011000001000000100001111
001011111011110010101100000111111010101000000000
011100000011110101010001010101011000000110100001
111011110010101100001010101101011010101100000011
000000000011111011111100001011110010101011110000
110010100010100000000010100000001110101110100011
000100000000000101011110100010101011110110101000
000011111110101100000111110000000100001111111000
000001010000000000000101010001010011111111111100
110111111110100111111011111001011000000110100111
111011110000000101011101010100001110100000001111
000010101110100001011010101110100110101100000100
110000001100000001011000000011110111111100001111
011110100011111111110011111100001100001101011101
100001011011111001011101011100000010100011110110
000001010100000101010000001000001000000011111000
010111110000001111111110101011110100001101010001
000101010111111111110101011010100010101100001000
100100001110100010101011111100001000001010101110
100010101101011101011011111000001100001010100110
111001011100000010101110101000001110101011111011
000110100010101011111000000110101001011100000100
100100000010100100001010101100001001010001011010
000001011010100001011001010101011110101001010000
000011111011110101010001011011111110100010101100
100001010110100110101100000010100000000111110010
100111111011111001010111110011111000000000000010
101100001101011010101010100010101010100001011010
000011110001010010100111110110100000001011110100
110000001001011001010011110110101000000011111111
101001010001011011110011111111110010101011111110
101110100001010111111001011111111001010100000010
100011111101010000001001010001011111110111110010
010110100100000101010101010010101001011111111001
110101010001010111111111111110101111111001010111
001100001001010011110001011010100000001100000000
101100001011110011110100000010100011110010101010
011000000111110001011101011101011101010010100101
011010101011111110100110101111110111110111110101
001100000010101001011110100011111000000101011100
000100000010100011110110101100001000000001010100
101101010111111101011011110000001010100111111010
000001010011110110100011110110100111110010100100
010110101101011101010100001100001011111010100101
011011110110100110100000001100000101010101011001
010100000111110110101011110110101110101001010001
110000000001011111110011111100001011111100001011
011100001100000101011110101010100011110010101001
100111110001011100000010101000001111111111110110
110011111000000111110011111010101000001001010011
001100000111111000000000001000001000000100001000
111101011001011110100111110111111110101010101011
001101010100000011111010101110101101010100000000
010100000001010001011011110000000010101001010001
101101010100001000000011110000000000001000001010
101101011010101000000101011000001001011110100110
010010100111111011110011111100001010101001011001
000101010111111011110111110100000101010111110000
101110100110101100000011111010101011111100000110
110011110001010111110100001111111111111011110111
111100001011111110101001011001010110101011111111
110000000111111011111011110100001000000111110111
000011111100000110101011110100001001011001011000
001100001000000001010011110101011011110110100000
111010101101010110100010101110100100000111111011
101101011000001010100010101010100110101011110010
011100000011111110101001010100001000001100001101
011100000000001000001000001000000101010101010101
010000001111110101011110100111110001011100001101
101110101001010110101110100110101111111111110110
110000000110100100000101011110101001011001010011
001111111111110100000011111110100010101110100000
101101011011110011111010100001011101011100001110
000010101001011010101010101101011010101000001100
101011111011111001010101011010100011110110100010
011010101101010011111001011011111111110011111001
111110101110101111111000000111110111111001010011
111000000110101010101000000010100100001001010111
011011111101010101011000000110100100000010101001
110000001100000100000111111101011111111001010111
100100001011111100000100001001011010101000000110
111000000000000011111100000111111010100000000111
011000001100000011111011110000001101011010101101
010101010011110011110010100100000111110100000001
001100000010101100001100000000000000001000001000
001000001101011011110001010011111011111101010100
100110101110101110101111111100001001011000000110
001100000111110010100100001101010000000100001100
101000001010101010101111111100000110101100000110
010111111100000000000001011110100110101000000001
110111111110101000000010100110101100001111110111
110100001000001001010100000000000101010000000111
110001010100000010101011111010101011110111110111
000001010010101110100001010010101011110000000000
110111110011110001011000000000001100000010101111
111110101001011110101101011001011001011100001011
110110101101011011110101010110100001011110101111
011111111111110100000011111101011001011010101101
011000000000000010100111111100001011110011110101
000101011110100010101000000101011101010010101100
010101010110100110101011111110101110100000000001
000011110111110001011101010000001011111111111100
110100001111111011110000000100001010100011110111
010010100100001110100011110011110111111011110001
110101011000001011111000000001010111110101011011
000110100000001010100001010110101001011101011100
010100000010101111110001010001010011111100001101
111001010111111101011011111011111111110000001011
011100001000000110101100000110101101010100000001
100011110001010000001100000001011110100000000010
110110101100000010101111110000000111110110101011
110101011011111011111111111010101111110010101111
111010101100001101011110100111111100001001011111
000100001011111110100110100011110001011110101000
000010101000001111111111111101010000001101011000
110100001100000101011110101111111011110110100111
010000000100000110100100000110100011110100000001
100101010010100100001110100010100100000011111110
110101011010101011110010101001011001011000000111
110000001101010000000100001110101001011011111011
110110100010100101010101010101011100000110101011
111101011010100010100101011001010001011010101111
001001011111110110100101011100000110100010100100
000110100100001111110001010101011101010101011000
101110100011110010100000000011111101010110100010
111000000000001110101001011000001110100110101111
111010101110101011111000000111111011110011111011
110000001000001000001000001001011011110011110011
010011110011110001011011111100000100000010100001
100000001111110110101110100110101110100010101110
000110100011111101010010101111111000001111111100
111101010011110001010010100110100101010111110011
011011110011110011110011110010100011111000000101
101001010010100011111010100101010111110000001010
001111111110100110101000001010101100001001011000
100110101000001001011111111111111001010010101110
011001011100000110100011110001010001011000001101
010011111001011100001011111010100010100011110101
110011111011111010100111110110101011111010100111
111011110110100001011011110010101001011101011011
001000000011111100000101011100000101011000001000
011110100101011100000011111001010001010101010001
110011110000001100000110100001010001011010100111
101011110101011101011000000001010010100011111110
011010101111111010101110100011111110101111110101
000111110100001011110101010111110110101000000000
011100000110101101010101011000000110100111110001
101110101111110101011011111010101001010001010110
010001011000001100000011111000001111111001010101
011001011011111010100111111011110001010010101101
111111111000000000000000001111110010100000001011
110010100110101000000111110101011001011100001111
111000001100001010101010100001010110100100000111
111001011110100010101110101011110011110100001011
001101010010100101011001010110101001010011111000
110001011000000101010011111110101000000110100011
110011111010101001010100000111111011111110100011
110111111000000000001010101111110100000010101111
110111110101011101011110101000000000000110100011
011001010001010100000001011111110101010111110101
111010100111111100001011111100001100000100000011
010010101010100101011011111111111110100001011101
011001011011110101010110101110100101010011110001
011100001110101110101010100011111010101110101001
000101011100000001010001010010100110100000001000
101101010101011001010001010001011010100110100110
101110100111111011110010101100001000000100000010
001010101001011000001001011011110101010101011000
100100001111111110101011110110100001011101010010
100100000100000100000001010110101110101000000010
000100001101011011110000000001010111110011110000
001100001000000010101110100101010101011111110100
100101010010100110100111110101010111110000001010
000101011000001011111111111110101010100100000000
101000000001010111110000000000001111110110101010
110101010001011101010110100101010100000010100111
101010100110101000000111110001010001011000001010
101001011011110110101101010110100001010101010010
010111110000001100001101010100001001010001011001
100000000001011110101100000111111001010010100010
010100001110100001010010101110101110100101011001
100000000010101111111001011000000111110110101110
100001010010100001011001011001010101010000001110
010100000000001001010101011101010011110001010101
100010100011111011111000001011111000001101011110
001111110111110111110011110001011111110111111100
011110101001010111110000000111111100001110100001
011101010010100000001011110101011100000000000101
011110101110100001010000001100000101010011111001
010001011000000111111111110100001000001010100101
111000000011110011111101010110100111110110100011
101000000010100100001110101100000011110100000010
010001011100000000000100001000000101010001011001
011110100111111001010001010000001000001100000001
001110101110101011110011110100000101010101011100
100111111100001001010011111110101110101100001110
111010100100001111110110100110100011110110101011
111111110001011000001001011100000001010110101011
000110100010100000001101010101010000000101010100
000100001000001110101100001111111011111111111000
100011111100001110101010100000001000001100001010
101001011000000110101000001101010110101101010010
101011111101010110101000001110100101011011110110
001101011010101001011011111000000000000101010100
111011111111110011111111110100001001010010101011
100101010001010111110110100110100011111111111110
001111111001011010100001010110101000000001010100
110100000000001000000001011100000001010100001111
011001011001011100000100001111110110100101011101
100111110111110101010111110100000110101001010110
001100001110100010101100000001010010101101010000
011110101110100101011000001001010000001011111001
000111110000001101010011111100001111110010101100
101011110001011011110010101001011110101100000110
000001011001010011111011111011111011111100001000
011110100100000001010101010111110011110010101101
110110100101011111111101011111111001010011111011
101110100111111001010111111100000010100001011010
101011111010101110100101010111111001010101011010
110110100011111001010000000110100101011110101011
101100001001011010100011111111111010100001010010
101110101101010010101000001101010111110011111110
110111111011110101011000001110100010101100001011
001100001011111110100001010111110110100010101100
101100000001011001010100000010100000000110101110
010100001010100101010001010100000001010101010001
000111110101011011111010101111111101011001011100
110010100011110111110010101100001000000110100111
000000000010100101010000000011111100001000001000
010010101000001000001100000111111101011000000001
011111111001010111110111111011110110101101010101
101111111011110110101111110001010000001011111010
011110101000000011111001010110101011111000000101
100100001101010010100101010001011101011110101010
101001011110100010100010101001010001010001010110
100100001101011010100010100000000001011100001110
111100000010100010100011111011111110100011110111
011101010010100001010100000011111001010111111001
000111111010100011111001010010101010101110101000
110000001000000101010011111010101011110000000111
110100001100000111110000000000000001011111111111
111100001111111110101101011110100111110011111111
101101010100001101010011110001011111110010101010
110100001110100000000011111111110000000001010111
000000000010101000000010100111111111110101011000
111011110000000111110110100101010010100001011011
000010101001010001011011111011111001010000000100
110110100001010001010100001111111110101001010011
000010101010101010100101011111110010101110100100
011000001011111101010000000000001110101110100001
110101011100001100001000000111111101011101010011
110100000101010000001111111001010111110010100111
001010100110101001010001011111111010101111111000
011011110000001101011111111001010100001010101101
101011110100001101010001010111110111110110100010
101111110001011100001011110111111111110000001110
101000000101011010101111111101010010101001010110
111001011011110100001010100101010101011000000111
010110101001011011110101010111110010101101010001
000101011001011110100101010001010111110001011000
000010101101010000000111110111110010101111111000
111101010111111001010110101110101101011101010111
111111111101011000001101010100001011110001010111
010100000010100110100001010101010010101000000101
111101011111111100001011110101011110100010100011
010101011001011110101011110100001110100010101001
101001011010101110100110100010100010101000001110
010111111100001101010000001110101100000010100001
110000000100000000001101010000001011110010101011
110100000110101001010101011110100111110011110011
011111110111111111110111110100001110101100001001
001001010101011110100010100111111101010000001100
101000000110100110101010100101011111110100000110
110001011111110001010100000100001000001101011011
100100001101011000000111111001010000000000000110
111100000111110011111100001001011110101100001111
101010101011111000001100001111110101011111111110
101000001000000100001010100010100101010110101010
001000000001011110101011110010100011110110100000
101011111000000101011101011101011010100010101110
110101010100000100001001010100000100001100000111
000110101111110101011101011010100001010110101000
011011111011111010100110101010101101011000001101
000010101111111010100111110111110000001010100100
110001011100001100000100001010101110100010101011
111111110000001111111010100011111100000010100011
101100000110100110101011111111110110100111111010
111100000001011111111011110100000101010000001111
011100000011111100000011110001011011110001011001
000010100100001011110001011011110101011010100100
110110101110101101010100001111110100001100000111
110100000010101011111100000010101001011110100111
101111111100000110101010100001010000000000000010
001010101011111111111001010010100001011000001000
001101010110101111110111110000001111110010100000
101000000111111001011111110000000010101000000110
110010100011110010101000000000000110100000000111
100011110100001110100011110000000101010111110110
100101010010101100001111110000001011111101011110
010001010111111001011110100101010110100010100101
111101010001011111110000000001011100000011110011
011000000010100000000100000100001010101010101101
011011110011111011111011111011111001011010100101
111100001111110111110000000010100100000011111111
110011110001011101011011110110101011110111111111
111101010010100101010001010000000011110011111011
101110101100000010101101011001010001010111110110
010001011010101111111110101100001101010011110101
010101010011111100000001010100000110101101011001
111110101011111100001001010100001000000111110011
000001011011110000000011110111111011110110100100
101011111111110101010101010000001010100000000110
000011111000001001011011111000001111111100001100
000011110010100100000101010010101100001101010100
111100001011111111110101010100000111111011110011
111110100101010110100101011001011101011101010111
111100000100001001010001011001010001011011110011
101111110001010000000011111011110100001001011110
101111110100001111111110100000001011111101011110
100010101001011010101110101011110001010111110010
010001011011111011110010100001010110101100001001
010100000101011001011000001011111111110011110001
100000001100000001011001011010100110100100000110
011000001101011111111110101111110101011000000001
001010100001010101011010100010101100000001010000
111000001000001011110000001111111111110110101011
101101011110100111110001010111111100001001010010
111110101100000001010010101101011111111010101011
110000000010100111110101011100000011110101010011
100000001110100110100000000011111001011010101010
101001011111111010100010100000001000001110101110
000011110110100100001100001000001000000110100000
111001010111110110100101010000000011111101011011
000001010110101011110110101011110100000011110000
111111110101010001011011110000000110100010101011
111000001111110111111010101101010011111000001011
111101011111111000001011111100000010101110101011
001101011101011000000010100101010110100010100000
000011110100001000000100000110100111110101011100
111010100010101111110100000101010101011000000011
011001010100000111110111111111110010101101011001
000110101001011011110111110100000011110011110100
010001011101011101011011110101011000001010101001
001110101000001011111011110011110001011011110100
000100001101010101011110100111111010101111110100
011011110111111001011110101011110011110101010001
010010101010100011110110101110101011110010101101
011011111100001100001101010010101110101111110001
100001011111110000001110100101010110101101011010
001000000011110111111011111001011010101011111000
100010101010100011110101011011111001010001010110
101100000100001001011011111100001010100111111010
111011110000000001010110101001011101011001010111
011000001001011110100001010010100110101011110101
101011111001010111111010101010101001010000000110
101000000001011110101101011101010101010111110110
101001011110100001011010101000000100000010100010
111100000000001001011001010100000100000111111011
101100001101011110100110100111110011111100000010
101010100011111111111010100111110111111010100110
101011111101011100001101010001011001011110101010
010101010111110101010010100001010101010000000001
011110100100001101010111110100000011111011110101
110000000011110110101101011111111011110111111111
010011111100000100001010100110100110100011111101
100101011111111001011000001111110000001100000010
110001010111111100000110101101010000001101011011
010001010100001010101011111000000101011000000001
100101011010100010101100001100000001011001010010
110011110111110010100111110100000111111101011111
011000000001011001010110101010101000001010101001
001111111101011110100100000001010011110010101000
110101010010101111111001010010101110101110101111
011001010001010110100101010110100000001000000101
100011110001010010101100000011111100001000001110
100001010100000011110100000111111110100010100010
001001011001011111111111111010101110100101010000
011110101011110001010011111010100101010000001001
101001011001010011111001011111111110100010100010
100001011001010110101111111111110011110110100010
111111110011111011110101011001010010100111110011
110011110100001011110010100000001010101100001111
100110100000000100001011111101011100000001011110
000000000010101010100111111100001100001110101100
000101010100000011111111110111110010100110101000
011110101101010001010110101011110000000101010101
001100001110100010101101010000001000000100000000
011011111011111000001111110100000001010010101101
101010100110101010100111110000000101010010101110
101110100001011001011111110111110000001010101110
101010100001010000000011111011110111110000001110
101111111011111110101101011000001101010100001110
110000000101010101011101011100000100001001010111
010111110011110100000110100010101011110001011001
010000000011110001010010100101010001011110101101
001011111100001001010010101010100101011000000000
100011111010100001011110101010101110101001011110
010010101001011001011000000101010010101011111001
101010101001010010101110101010101010100011111010
110010101010101111110111110011111001010000001011
100100001100001011111110100000001000001111110110
101001011111110100000100000001011101010010100010
011100001110100100000011111101011100001111110001
010000001010101000000110101001010110101011111101
010111111100001001010111110000000100001100000001
101111111110101110100101010000001000000110101110
100100000010100100001111111010100100001011111010
000010101000000000001011111001010011110011110000
110001011001011000001000000011110110101101011011
101010101001011110100101011000000001010110100110
100001011110100101011100001100001001011111111010
001100000111110100000100001011111000000000000000
011011111100000101010000001001010110100100000101
100001010100001001011001010011111100000000001110
011010100000001001011011111111110001010011111101
001110101110100110101110100011111001011100001100
111110100111110111110000000111110010101011111111
101011111100001000001101010111110110100101010010
111010101101011110101011111110101110100100001111
101001011111110010100101011100001101011010100010
111100000110100111110101010011111000001111110011
111101011100000010101000000111110001011011110011
000111110011110011110000000001011011110001011000
011001010000000010100011111110100101011000000101
001110101001010011111100000011110011111110101000
010011110110101010100111110000000111110101011001
101010100010101000000111111101010011110111110010
101101010001011011111010101101011000000000001110
000111111110100110100110101000001010100011110100
001100001000001101011010100101010100001110101100
111011111101011110101101010011110011110101011111
111000000100000001011001011111110001010010101011
010101010100001110101101011110100100000011110101
010111110000001011111111111111110101010000000101
010010100001010101011001011110100111111001011101
000100000001010110100111110011110101010000000100
100000000101010010101110101010100111111110101110
101100001001011111110011111000001000000100000010
101011111001011001011010101001011001010011110010
010111111010100001011100001111111110100010100001
001111110100000011110001011001010010101111110100
001000001101011010101100000100001010100100000100
011011111000001100001011110100001010101110100001
111101010001010100000011111101010010100111111011
100011111001011011111010100001011101011001010110
000110100011111001010000001011110010100000001100
100111110100000011110111110111110011111010100010
001110101100001101010000001011110101011111111000
010001011000000100000000001001010111111100001001
000000001110100101011110101110100010100000001100
011110101000001010101111111100000111110100000001
000000000000001111110000001001011001010001011100
100001011101010000001011111000000000001001011010
100101010110100110100011111010100110100110100110
000011110011110101011000001111110111111000001100
001101011010101001010010100110101000000111110000
010011110100001010100010101101011000000010101001
100111111011110101011101010011110110101111111010
110110101110101101011000001100000110100110101011
100101010001010011110001011011110101010000001010
111000001100001101010110101011111110101000001111
001001010100000011111001011101010001011001010100
010010101010101100000101010001010110100000001001
100101010101011110100110100100000011111011111110
111000001111110111111010101111110010100000001011
100110101101010011110110100110100011111011111010
100011111000000001011111111010101101010101010110
000000001011111001010101011111110011110001010100
101010100110101110100010100101010001011000001110
000100001111111100001110100010101100000101011100
111001010111111010101001011110101111110110101011
001011111011110010100111111011111110101010100000
011001011110100111110001010001011000001001011001
111100000000000101011101011111111101011111110011
110100001111110100000100001101010100000010100011
100001010101010001010000001111110000000111110010
100010100101011011111101011101011001010101011110
011111110110101110101101011100001111111000000101
010011110100000110100000001101011001010111110001
000101010110101100000001011001011110100010101000
100100000100001111110100000100000101011011110110
000001010101010010101000000000000000000011111100
111001010001010010101000001100000100000000000011
101100001111111011110011110000000101011111110110
111010100110100100001101010000001100000101011111
001111110001010101011100001101010010101010101100
010011110011110110101110101000000011110111111101
111010101001011010100110100110100000001110101011
111101010100000101010100001111110111111011110111
100110100100000011111100001011111100000001011110
011000000011111011111000001011110000001000000101
100101010001010100000011111001010001011110100110
001100000011111111111101011010100000000110101000
010100001011110100000101010000001001011010101001
001001010110100110100010100000001001011101010100
001110100101011101011011111110100111110000001100
001110100100001010100011111101011000001101011000
110100001101010001011011111000001001011101011111
111111111100001111110101011001010010100010101111
011000001001011000001000000001010010100010100001
110011110010101111110111111000000100000110100111
010000000100001001010100000100001000001101011001
000001011001010010100010101111111011110001010000
101100000100001001010010101010101010100011111110
110101010010101011111100001110100001010101010111
001100001011111100000011111001010101010110101000
110011111101011111111101010001011110101110101111
001110100101011000000001010011110001010000000000
000000001010100011111111110100001101010010101100
010001011110100110100100000100000111110011110101
100101011000000110100110101111111010100000000010
111110100010100111110101011001010101011101010011
110101011000001001010011111110100110100000001011
101111110001010100000101010011111110100000001010
011000000001010000001001011001010011110010101001
100100000100000010100100000000000100001001011010
111101010011110000000000001110101100001001010111
010111111010101000000011111001010001011011110101
101011110001011010101000001101010101010111110110
010011110110100011111000000110101001011110100001
001110100100001101010101010110101010101000000000
101101011001011011111101011000000110101001010010
010110100101010000001000001110101111110100000001
011001011011110111110011110010100011110110101101
011010101000000110101000000100000000001000000001
000111110010100100000100001001010101010110100000
101000000111111101010010100001011001010011111110
001101010111111110100110101001011010101110100100
010111110011111000001001011011110000001000001001
010011111011110100000011111011111001011000001001
110100001111111001011000001010101110100111111111
001011111010101001011100000110100110100011111000
011001010101010110100100000011111000001010101101
000100000111110001010110101001010101011010101000
101010101111110101011100001100000010100100001010
111101010010100010101111110101010100001011110011
001011111110100110100011110000001011111101011100
010001011111111001010011111010101010100111110101
010110101000001010100011110001011000000111110001
011010100101010111111000000001011110100001011001
010101010100000010100100000000001010101101011101
110111111110100110101000001101011100001100000111
111110100001010101010000001110100011111010100111
111011111110101001010100001011110010100101010111
001111110100001001011111110011111001010000000000
110100001010100110101000001000000110100110101011
111111110010100101011010101101011100001001010111
010011110110101100001001010001010000001101011101
111111110111111001011010100010101111110000000111
101001011000000011110100000001010110100011111010
110000001100000001010111110111110111110100001011
100100000101011110101100001010101000000011111110
100001011110101111110011110101010010101000000110
111100001010100110101100000000001000000011110111
101100000110101111110111111101010110100000001010
110101011101010101010011110000000100000011110011
000010100001011001011100001110101001011000000100
001101010101010010101110100101010011111110100100
011110101011110100001011111010101011111101010001
101110100011110110100101011010101101011011110010
111110101010101111111001010110101100001110100111
111111111001010110100101010110101010100110100011
011101011011110110101010100110100101011110100001
111010101000000100000100000010101110101100001011
100101011111111011111011111110100000001011110110
001110101101011110101100001011110100001111111100
001011110101010000000001011101011101010011111000
110110101100001010101111111010101101010111111011
001000000000000101011101011101010010101001010000
000000001111111110100011111100001100001111111100
001010100011111101010100000111111000001101010000
010110100010100011111001011110100101011110100001
000011111010100010100011110010100011110010100000
100100001001010001011001010001010001011000000010
011001011100000000000110100101011011110100001001
110101010101011010101001011011110110100100000011
111010100001011000001101011101011100001111110111
101001011010100101010010100010101010100011110010
001010100010101011110001010000001100000010100100
111000001100001001011001011110101001010101010111
011011111000001111110100000011111111111011111101
001111110110101010100011110110100111111000000100
000101011100000001011110100001011011110100000100
101010100110100100001100000011111001011101010110
111110101001011010100111110000001111110110100011
001010100011110100001101010101011011110110101000
100111110011110111111111111101011011111100000110
000001010010100111111111110000000000000101011100
111010101001011000000111110010101111111011111111
010011110001010100000100001000000011111000000001
111001010110101111110001010111111110100101010111
011110101101010000000011110111111010101001010101
111000000000000011110001011010101110101101010111
010010100111110100001110100000001011110110101001
010001011110100101011001011010100100001000000101
110101010111110111111111111011111111110111110011
000100001001011010100100001101011110100111110000
101100000101011110100101010110101111110101010110
100111110101010000001111111110100000000101011010
110000000111110001010000000000001111111111111011
001111111011110001011010100100001111111010101000
100110100011110000001100000001010011110100001110
011011110100000010101111111111111111111110100101
000001011000001111111011111100000111111101011000
000011110111110010100100000010100100000110101000
010011111001011100000100001000000111111011111101
000110101001011100000101010010101110100101011100
110011110111111101010001011000000000000111111111
111001011001011001011011110000001001011110101011
000001010100000100001011110000001000001011111100
101110101111111001010000000111111101011101010010
010010101110101110101110101111111110100110101001
010010101110101110101010101011110110101111111101
101110101000000001011101011001011010100011110110
101111111010100110100111111100000110101111111110
001001011001010011111110101011111010101100000100
011001010111110100001100000011111000000101010101
000100000001010011110001010100001010101110100100
101010101110101011111001011000001111110101011010
011111110110100011111011110011110111111111111101
001101010001010010100101011000001101010100000000
111101010111110110101110100000001001011000001111
010110101010100111110001010011110101011011110001
011001011111111001010011111110101110100111111001
101010101110100101010011111011110111111011110110
001111111001011110101001011111110001010110101000
011101010110100110101001011000000110100011111101
010111111111111000000010100010101011111011110001
010110101001010111111001010100000010100010100101
010110100101011011111010101100000100000101010001
010110100111110011110101010000000010100010101101
000010100110101010101101010101011101010101011100
000101010000000100000110100011111100001100001100
010000000001011000000011110001011011111010101001
111100001111110001011000001000000010100100001111
100110101010100101010110100100001011110111110110
110011110010101101011001011011110010101101011111
001000001111111101011001011000000011110010100000
011100000011111001010101011100000011110110101101
011101010011111001011110101110100110100010101001
111011110001010100000111111101011011111011111011
100001010001011100000011111100000111110010101110
011100001110100100001011111100001001011000001001
101010100000000101010000000111110000001001010110
110100000111110010100000001000001100001101010111
011100001010100000001110101101011011111001010101
011001011000000111111011111111110010100010101101
110011111111110101011010100110101101010101010011
110001010100000000000110101011110010100111110011
000111111110100001011010101000001111111010101100
000111111100000111110001011001010000001101010100
011101011000001100000100001100001111110001010001
100001011111111001011000000101011000001110101110
111001011010100100001100000111110001011001010111
101000001101010010101111111001011101010110101110
101000001100000100001001011011110100000010101010
000011111101011011110111110011111000001100000100
110011110110101101010010101000000110101010100111
110101010011111110101000000000000111111111111011
000001010110100010101110101110100001011011110000
101101010110101110101100001010101101011001011110
000001010000001000000101010011111001011110101000
100011110001010110101001011110101001011110101010
000001011011111100001100001101011001010010100100
111011110110101100000101011010100010100100000111
100011110010101011110110100001011010100110101010
010001010010101010100000000110100100001011111001
111000001101011000000101011111111100001101011111
100011111101010100001111110001010110100101010010
010101010001011000001000001000000111110001010001
001111110111111001011111111001010110100010100000
101100000101011001010000000111111011110010101110
011011110000000010100001010000001001010001010001
100011110100001101010111110101011000001010100010
111101011100001111111001010100000110100101011011
000000001100001111111110100000001110101011110000
010110101110100001010001011110100100000011110101
010111110001010101010101011010100111111100000101
011001011101011101010001011011110110100110101001
011100000100001010101000000100001011110110101101
011000000010100101010110101110100100001100001101
111101010001010101010010101001011000000110101111
100111110010101000001110101110100010101010101010
001011110010100111111100000011111010101111110000
000111111011110010101110101100001011111001010000
111100001110101000001010100110100000001101010011
100110101101011111110111111101011010100000001110
011100000101010011111000000010100110100010101001
001010100100000000000111111010100111111001010000
011100001110100101011110100100000111110010100101
100101010110100010100111111000001110100001010110
101010100010101001011111110010100011110100001010
110010101110100001011100000010101100001000000111
001110101111110110100110100100001010101000000000
100011110101010100000000001110101001011000001010
001000000011110101010110101011110111111010100000
111001011011110110100100000000001011111101011011
001111110001011011111110101001010111111110100100
111101010111111101010001010101010010100001010011
011111111000000011111010101000001000001000001101
001111111000000000000001011000001100000010101000
010000000000000001011011111000000111111001011101
110101011100001100001011111101010001010001010011
010010100011111111110100000000000010101010101101
000010101110100010101000001110101100001010100100
110110100010101010101100001001010000001000001111
100000001110101101010000000011111110100110101010
001101010100001001010010101010101010100011110100
100010100010100000000011110101011100000111111110
110011111001010110101110100111111101010010101111
000000000011111000000000000001011110100110100000
101111110011110011111110101100001011111111110110
010100001100000001010111110010100110101100001001
001010101010100000001110100100001101011111111000
110111111000001010101111111101010000001010101011
110010101101010010101000001001011111111101011011
010110100010101111111111111011111001011001010101
111110101100000101011000001100001001011100000011
011100001110101010101010100000001010100010101101
111011110001011101010110100011110101010110100011
001110101100000001010101011011110000001010101100
111100001111110000000101010100001100000100000111
111100001111111111111101010000000010101010100011
110101011001011011111000001100000111111010101111
101001010001010010100111110111111010100100000110
001000000001011101010101010111110001011110100100
000010100010100000001110100111111100001110101000
100110101010101010100001010011110111110111111010
110011111101010001011111110001010110100111110111
010110100100001001011110100010100111111010100101
011111110111111101010100001010101001010011111101
011111111010100001011011110000001101011100000101
000010100010101100000101010001010110100000001100
100010100101011010100010100111111111110110100110
010000000001010010100001011110101100000011110001
111110101010101101011111110011111000001101011011
110000001101010011110000001011111001010000000111
100100001010100100001100001110101010101111111010
001011110101010001010100001010100011111010101000
110110101011111001010011111010101010100001011111
011001010110100001011110100001010100001101011001
011011111101010110101010101101011100000110100001
000101011010100110101010100011110111110111111000
010010100110100111111001010000001111111110101101
001011111001011101011101011001010000000111110000
101101011010101011111111110001011110101111110110
100011111111111101010101011000000110100110101010
111100000111111001010111110000000110100011111111
010111111001010011111100001110101100000101010101
110011111001011101011000000100000111111100000011
100001011001010001011001010101010001010011110010
010110100111110101011001010011110111110110100101
000100000100000011110100001010101110101111110100
101010100000000010100001011001010101011100001110
001111111100000110101000001100001000000001010100
111010101010101111110001011111111000000111110111
001001010000000011111011110011110010100000000100
001100001100000101011100001101010101010100000100
000110100011110011110010101111111000000111111000
101110100101011001010011110000000111110111111110
100110101000000010101101010001010100000111111010
101000000110100101010100001000000001011111111110
011011111111110000000011110010100011110011110101
010111110001010101010010100110100000001101010001
101100000100001011110111110011111000001111111110
101011110000001000001010100111111100001111111110
000111111010101110101100000111111111110011110100
101001011010101110100000001010101000000100001010
101111111111111010100000001101011111111001011110
010111110011110011110110101101010011110000000101
001011111001010110101101010101011100000000000000
010001011110100111111001010001011011110111110001
101011111000001011110011111010101011111001010110
010111110101011000001000001100000101010000001101
111100000111111000001000001000000001011010100111
010101011011111000000110100001011000001010100001
000011110111110110100010100101011100000100000100
000000000011110110101110101001010101010000000000
101100001000000011110001010111111011110001011010
011100001110101100000011110110101101011000001001
010001011100000111110000000100000010101110101101
011110101010101110100010100011111100000000000101
100100001000000010101101010011110111110101011110
111001011001010010101101010011110101010011110011
110101011100001110100001010000000100001101010011
000100000111111110100000000100001010100100000000
010100000011111001010110101110101111110001010101
100011110100000001010001010110101010100110100010
000001011101011110100001011001010111111001010100
011101010110101110101000000101011110101111110101
000111111001011010100100000111111100000101011100
010111111101010110101001011010101101010011111101
100011111001010101011101011000000111111000000010
011100000001011001010111110101010100000110100101
000000000101011100000100000110101011110110100100
011101010111111010100011110110100011110111110101
011010101101011110101000000110100001011010101101
110110101100001010101000001101010001011001011011
100000000000001001010001010001010100001001010110
000101011110101111111101011011111010100110101100
110001010100000100000010100001011111111010100011
110111110111110010101010101011111100000100000011
101011111000000101011111111100000111110111110110
100100000011110101011000000001010011110111111010
010110100010101010100010100101010110100111110001
111001011010100110100010100011110111110111110111
111001011000001111110000001110100010100110101011
101110100011111100001010100000000110100000000010
101101010001010100001000000100000111111100000010
110010100011110011111100000111110110101100001011
010011110000001010100001010100001011110111110001
111010100111110001011111110001011101010001010011
110000000001010100000000000110101111110010100111
001101011000000111110010101011110111111100000000
110010100111110011111011110011110100001110101011
011100001100001001011010101011111001011001010101
011100000011111111111101011101010110100011111001
010001010001011101010100000010100101011101010101
111000000010101100000000000111111111110111111111
101011111100001000001011111010100001010101011110
101110100010100011110001011111110001010011110010
000001011010101001010100000101010111110110100100
110010100110101101011001011000001100000011111111
001101011011110001010001010000000101011111111000
111001011111111100000101010111111011110101011111
101110100100000100000100001100001110100000000010
001110100100001000001011111011111111111010100000
110111111010100101010010100010100010100100000011
010000001011111001011110100001010001010110100001
100111111001010100000010101010101101010010101010
111101010101010111110010101100000011110011111111
110100001001010111111101011011110111111101011111
001011110101010101010111110001011000000010100000
011110101101010000000110100100001000000000001001
011001010011110101010111110000001001010110101101
010100001011111101011110101010101101011110101001
101110100010101100001110100111111100000111110010
100000001010101010101001011111111101011000001110
000001011010100001011000001111111110100011111000
110001011010101100001100001101010110101110101011
100111111001011111111010100011110011111010100110
101010101001010111110010100110101110100110101110
101001010001010000001111111010100100000111110010
001010100001010010101110100100001100001001011000
000101010000000101010011110001010101011100000100
010110101110100011111101011001011000000000000001
001000001010101001010010101010100001011010100000
010110100101010100000011110000000111111111111001
001111110010100010100000000111111101010101011000
001110100001011001010001011110101100000011110000
110001011000001001010011111011110100000010101111
000011111011111111111111110011110111110101011000
011011111010100110101111110100001001010011111101
110100001011111110100011110110101001011001010011
011101010101011110101000001111111100001011111101
100110101010100101011000001000001011110110100110
010010100000001001010101010110100111111100001101
101001011010100011111111110111110101011011110110
100110101100001011111101011110101111111000001110
001000001010100101011000000100000100000110101100
000000001101010001011110101011111100001100001100
000101011111111111111010101100000101010101010000
001001011011111101011110101100001101011110101100
010011111110100011110010101110101100001011111001
010011111101011000001000000100000100000111110001
011000000111110100000100000101011010101101011001
111110101100001100000001010111111111111110101011
000001011110100110100010101110101100001000000100
001010101000000110100101011000001010101001010100
110010101110101000001001010011111001011000000111
110101010101011001010000001101011110100001011111
110001010000000111111011111100000000001010100111
000011111000000000001000001000000110100110100100
110011111110101111111001010110101111111101011111
010110101010100100001110100101011100001111111101
111000000010101100000101011001010001010000001111
000111110011111010100001011011110000000110100100
111011111101010011111110100010101011111101011111
111110100101010111110001011000001011111101010111
