10111111110010010110110001101110
00001010001001111000100110011010
10001111011000110110001110111000
10011000011001111010110111000100
01100111100001001011101100110011
00101101110110101000011101101110
10010100010000111011000000010100
11100111001000010101000110110001
10111001010000110000111010001011
01010000001111010010010011001101
01010101010100110110001100001101
00000110010111011110010111001101
10101110010001110011100100111111
11101011000011010100110010111100
11011111011011010110011011011011
10110101111101010100000001101010
01011010101011011001100101011010
11010101111101111011001010010001
01110010100010000010111110101110
11010111100101111000100111011011
00100111000110110011011100001100
10010010101101011010011001111110
10001101001011000110001110101000
10001010011101100101101011000101
01100011101001101010001111010010
01111111110010011001000100001110
10010000010010100000010010000111
00000001110000000110000101010100
01001000100001100010010000101000
10010100110100111101001011011011
00001000111100001000111101101010
11110000000110001110111111011001
11101111100101001011001101000101
01011101011100000110000000001101
10010001011001001101111101101100
00111001111110110011000010001010
11100101111011010100000100010001
10100000101111111001011111010000
11111000011111100010100000001011
01111100101111001100011101110010
11100101001111111100010111110100
10101010010001010010110001011000
00111000110111110000001010011110
11110111001110101111010000001100
10101011101010010010001001011100
10010000111111111100000111110001
11001011111101111001111000100000
01110101010111010010100001000101
01110010100100101101101110101111
10101101001100000100001011111100
11010101001111001111001111011010
10101111001101110000101101100110
10010010100111001001110110110110
00011001001110000010100001001000
10001010110110110000110111010011
11110011010110011000100110100001
01101110100101110101011100011000
10011011101101010010010111100001
10100111101001010110101111001000
11011100010100001000110000110011
01110100100111101110111110110001
00111110000101001011110000010100
00110001001100011111101011101001
10000000000111011010010011111010
10010001101011001001100010001110
01100101000001011010011011010000
11110110100101010000011000010110
01110100000101001001001001010100
00111110000101000011111110110101
01101010110000111101001110010011
00100111001111001000011100010101
01001111111111011001000110010111
10101111000010010100000001100110
01001001001001111110110100110100
10011101001010101100111011010011
10101000101110001111111100110111
11111010100010011101111100010000
10010011101100101011010011100100
11011100010000100010100011100110
11000001101010101110000101111011
10011000000110100101111100110101
01000001101101011000010110100000
01001001010001100110110011010111
10011000111010100011010111111011
01001000101101101110011101100111
00100100111110011110101011111100
10101001000111001110001101110000
01111000010001111011000110000011
00010001010110011000000101101010
01111110100100010101110100100110
10011110101001011110101100011011
00011110101000011111101001010110
00011110001010100110100001111010
01010000010010000110111000101101
00100101101100000010101010000010
10111110010100110101100101000110
00001010010100100100010101000001
10101011101101101010101000001000
01010011100100001011101111100110
11000111000011011000101100010010
11000011110101100110010010010011
00001100111110011111010111101010
11111001110000001101011000110001
01100000010000101011010010100011
11010011000111100110100010110011
11111100111001100011110100000001
00010110001110010111000111001000
10000010111011100011111001110001
01110111000010011001011111000011
11011110101001101100110000111110
10010011100010010000101011100101
01100010001010111000101111000010
11000001111111001011110111001100
10010110011011100111010000110010
10001110101001010011100100100011
11110101110011100110010101101000
01000001100011110010101000001101
11100101001011000000110001100110
11000001100100110101111001001000
00010110110101101010011000111010
11010010001100010111000110011010
00011000111101100110101111100000
00001011101011101011010000100110
00010100000111111100111100111000
01100011111001001100111001100110
00100100100011010111000000000100
00111000001000010110111111011101
10001001101011011011000110001000
10010100101100010110111000000010
00110111111110010101001101000101
10110010100110000011010110000011
00101011100110010001100011010000
01001000011011010011110110010101
11101110100000000000000011101101
11000000010110000011001010010011
10101111111001101000110011001001
00011110001100101010110001110101
00110110110110010110010110100110
10111010011000101010100010101110
10010101001100110101101110011100
00000100100000010100100010000001
01101111001101110011110000010100
00000010001011011100101001010101
00001110001110010000101110101100
11011111110000100010111011110010
01110101001101111101111010000101
11101001100101001110110110000101
00011101010011000000000111111000
00011101101100011010011011110111
00000110101111100101101101010000
10010101111011101101010010011111
00111111110001011011010010010000
11001010000110110001111011011110
00110000001000000000000101001011
01111110110001110010111000111001
01000001110011110001001111011101
00101100110100001001101101001001
00110010110000010100001101110110
11100101011001110000111100111101
10010001101111111110100001010101
11001010101110000110100100111100
10000111001011111100010101010000
11000001001110110010011000101101
10110111101011010111111011101001
01011000011111100011100111101110
10001101000010011100111110100011
00110101000100000011001011000101
11000001011100100010010011100001
11110101101011000000111100111111
01101111010010100100000110100111
00110001101111001110000101110111
01001011011110001111000110001100
00110101000101011001011011000111
00011110100000111010100001111101
10000000110101000110101100111010
01100111000111101010111011000010
10100010001110001011100111110111
11111100011000110010110010110111
10001001111110000011011111101011
00010001011010101101010000010111
01101000001001100100000001000110
00110011110110001101011001100100
00000101110111111110000001111100
11110011110100011010110111000011
10101110000010100010101111100100
11000111011001001101011111111010
10110011001010001100111101100011
11110010100011010000010111110010
11001101010000010000110000001111
11011011001111000001000111010011
01111011000100100100000011110101
01011111010110001010101100000110
01110010010100011101000010111111
01101101110111101110110000111000
00111101011001010101101111001010
00010010011101110001111101001101
10101010011100000111000011000110
11000101100101110101111001010010
11011000100111101100101100000110
10010111110100101001100101101110
00110100001111101000000101101100
00011111110110101100110011011101
00100101011100011011011100011000
10110110110001100110110101010000
10100111010100001111000110111001
00110110011011110000111001111000
11100111000101001101010001000111
11011010100101000011001100101110
00110001100101110101101111010000
01010111101100111100000101010110
10000111110100001000010001111101
11101010000010011010011101000100
01001111010101101001111100111100
10111100011100101110110001000110
00111010000111101011001011111011
11101100110011101100110000101010
10010011000110001011100010010101
10000100100101001110101101100001
10111001001010101111100101110101
01001111000110100011101110101100
01010010110010100011001000000010
00000110111101110011100010000110
11011101000110111000010010110011
01011011000000001010100111011011
00110101011000100111111000100010
00110010000111011110011001011111
01000001101010010111010101010010
01011001011011011000011110101000
10111111000101101110011001000100
10100010011000110010011101010101
01010111100000000000001111010011
01110111001111000000001101101100
01010000101000001100010001000011
11100011011100011111111100101100
00110111101110011010100101101111
01110100010101001101001011001110
00110001001101010011010101000100
01001111110001000010110110011011
01011011011101111001010011100010
11011010011101011111101100001111
10100111110111001100001001010100
11011101011110001010101010110011
00010011101000110001010111000110
00000000110011111011110110011101
01100110111011011100010001101001
10011110111011111110101000010001
11000000001101111100111110110000
01101110010010111011111000001000
01101101010101001010110111001010
00000110101101001011001100111101
10000111110100010000111000001100
11000110000111111111111100110100
01001110000111010100010001011011
10100100100111111001110111101010
10111110110011010100000011101000
01001001011010010111011000111100
11110111000110100001000011100110
01111010011100110011101001001100
11111100101000101001001001110101
10000110100001000000110111110011
01010100100111101100011101000100
10000001011010010100000001010010
01001111111101011111011101011000
10001000101110000011100101100010
11010010001111000111111010110001
10011000100000011001101111011111
10010110101010101100001001110101
01000111000111010100100001100110
00010011110011111111011100000010
10011010101001000110100101101100
10010000000101111001011101100101
10110001010010001101110110101100
10111010011000010010110100000111
00111011010100110010011100000110
00101111100010011000011001011100
11101101111010010010110100000000
01000100100100100011100101101101
00001100011110110010111000001010
10111101000100011101010101100100
00011111001111111111010100111110
01011100100111001000011111110011
00010101110111011011100011000010
11111100100011000000001010100010
00011000100110100010001011010101
11100110101001111111110111110001
10111101001011010111011011011000
01011011101110101011111010111000
10100011100010001001110111011001
00111011011011111000001001011011
01110001011101110010111100000110
11100110010111100100110110001101
00100110001011111011000011111100
11100000101010101000111000110100
01011111001100010111100100000110
01011100111011110110111001011101
11000101000000011000101001000000
01000010111101011001100100110110
01000000101000111011111001010000
00110011000010001010111111001000
10000010011111110001011000000100
10110011000100110000100001011110
11100110001010011011101000011001
01010110010110010110100001110000
01110101110101100111010011010011
10010111001000111101111011001100
01110000000011000011101011110101
00100011001100111101010001101000
00001001100111110010000011001011
10001110110111011011001101110011
11111011000101011100001011111010
00000100001111011100010100011101
01111010110111011110001001001000
01100010101101011010010110011110
01111100010000010011011110101100
10100110000111101101001000000100
01111101101001000111000001000101
00111011000100101010000110010100
10100111110110011010101000000111
01000001001111110001011010000010
01000011001111011010100000010000
10100011011010010001110010110101
10010110111001001000010101011001
01110100001011001111101011000000
10100101100111111011101011100101
01001010010101001100111011001000
01100110011010011100111110110111
01100101011000011000001101111111
01010001110110001110101101001110
10001111001011000101011011111101
10011011001101110110100111110111
00110110100100110000101000100110
00110010100011010100000100100100
11100111110010101011001011001100
01011111010000000000010110101111
01010010000011101011010001010101
00100111010000111100101111010000
10111000011101001001100100101000
01110110101111111100000110000110
00001111000010100000100101010111
01011001010101001111011011010111
00111001100110110111100110001001
11101010000100101101100101100100
00111100000000101111110111001010
11001000001100111100010011100010
11100100111011000101010001000011
11001010001110001010011110100000
10001100101010010100111101000010
01111101101101011010100010010101
01111101010101101110101000101101
01011111011001010111110101101111
00100110110000101011111110000111
00010011101000001001111000001110
00101010100111111011001011111101
11101011101011011001110111101101
10111000011111000100110001110110
01110001011000100010100001111001
10100000100010000001001100101010
10110110101000101010011110001011
01100001000010011101001010110110
01111101100011001111111110001000
00110001001001010010001000110010
01110011110011101001010001010101
00011101100101100010000101000100
10001011000101101000101010100000
01001111110101100100110011111111
10000101000111101001000011111101
00110010110000100111100101101001
01001100100111101011110100111110
10000110000010111100010001100110
00010000010010110101101001000100
01100101001011100101001110011011
01110010010001111011001001110001
00001000110011110101010000111110
10011110100100100001101010101000
01011001111101010110010010000001
11111101100110001001011101000011
00100000011000110111101110110101
10000000011111010011001011011001
10001001100100110110000101000011
00010000101011101110001001011101
11011101111001111001010000100100
01001010100100101100110011101010
01111101100000010110010001100000
01100000011001011100101011011000
11100000100010100101111101010110
00101111010011101111011110001100
00011010101000110001001111001110
10100110101100100000001001011111
11011011000011011001001001000001
01110011011101110001011001111111
01101010110101001110111111001001
01111100011101101000100101100110
10111000011010100100010101101101
11101011011101101100001110011110
10001101100000100100000000111000
01100010000101110000100100010011
11000101010111001101100011100000
10010110001101001100001101001010
11001110111001001101110000101111
01011000110001110011111011110110
10100101000110100000001000010110
11101111000101000100010110111010
00011011110111011101101001100111
11000111010111001110010111100101
10100111101100010111001001100001
11101101010010000111111100010000
00111110011010010110110110001101
01001111011001101001000100001111
00110111110010001010101000110001
10010011001100010100010100110000
11001001111101100001000101010001
01011101011110000110101000111100
11010001011101111010111011010000
00000010000001111110111110001011
01010111111110001110010100000111
01010011011100001010110100101110
10011110101001011110000000100110
10011000111111000000111011010000
10010001000011101111100010010101
10101110001001110100110010001111
10010011100101000001110001000001
11000001111000010101010011001000
00001010010101001100001010101000
10101110001100001011100001100100
00100110011110001101010100100011
00000001011000110001010100110110
11100101111111101101110001000101
11110011111111111010111110110011
10111001010000010100001110100000
11001001001000000000111110111001
11011000001000101111101011001100
01000001110000001011110110111001
01000000111011001000100001000010
01111101010110001011101100100110
11000011011111111101110001000110
00110110010110111100001101000101
01000010101011001100010011000000
10010001000011111110001010111001
00101100101111010101011111110011
01100111000101001110101101110010
11110001010011001010010101100101
00000111111101100010100110010001
10011011100011100001101100010011
00000111111010100010110111111111
11001100100001111000010111100101
00011000110110101000101011000001
11100110001000011011101101111010
10110111000000010010110000101001
01110010111101111001101100111110
01101110011100110001001111111001
11001010101000010111111100111011
01011101110111000000111010111100
11100100011100100110110001001100
11111010100001011000101111110100
11010000110010000111111111000101
11000101100010000010001000011111
01011100010101000100100010110101
11001110101001100001101001101010
00010111010011100010000111001101
11111100010011101101000100100100
00110101000001100111111000100010
00011011010111011111101111010110
01111010101001110101011000001110
01011001100000010010011001100101
10011000101000011100010000010101
10011001101010111101111010000011
00000010001000100111000110011011
01001001010100001011110101111100
11010011011101011110101101011010
01100101111011011000010100001111
10001011110001110011110100110011
01011010011101101100010011011100
00100110111100011011101111110001
10000001001011111000111101111001
10010110110011100000100001010100
01000100000000011101100110001101
01010011001011101001001011001001
10010100001011100110000000010001
11100011000101101111101100101110
00110101010001010001000000111000
00010010011101010100110010011011
10110110100001010000001111101000
00100111111101000110111111110010
11000101000000000011000101011101
00110110011011110111001110111110
10000111011001111000010000111000
01000001100011001101010000011010
10110100001010111001100100100000
10001101001000011000010110110110
01111100110001011000000101110001
00100110010011111100011000011011
00001000000000011101110100001010
10111111000010110001001111001011
00000010101110011001110101010101
01001101011001111100111100011100
01011000010011000010110100011010
01001000110110101000111110111110
10100100000000101101111001011101
00011000011001111011101000000001
10010101001011001010010010100011
00111000011011001111101011101000
00011110011010100000010000111000
10101110100100101101101001110111
10100001001000101011001000101111
01100010011000010100100100001001
01111110001100100101001111011011
01010110000110011100001010100010
01100111011001001101011111000010
11011110100100011101011101110101
11000011001101000100101111110111
00001110000010000111100101001001
00011010111010111101111100101100
11110010001111111001110010000111
11101111101000001111101001111111
00111001111011100111101100001100
00011111000000101100100110000010
01100010000001011001100110111011
00110101011000010101010110111000
01100011101011100010111110101111
11100011010000100001100110110001
10101100101010110101101110111001
00001001011111100010111000001000
11000001011010101100001100010110
01101011111101110111101101110010
11001000001110011101001010110001
11010110110011010111010010101111
01011001111011001101110010100110
10101000110011100111000110110011
11010001010011110110000000111011
00101000000011011101011110010101
00000111110011111111000000011011
11000111110111010000010101110001
00000000100111100110010001010011
00001111001000001110001110101000
00010010000100011001011010110111
01100110110100010000100011001001
01000110011110001100010001111101
00001101001000011010111100110000
01101010011000111111010101111101
01010010111101000110011010101000
10001110001001000111011001001011
11110101001010101100000101101010
10000100001011100110101001010010
00000011101010011010111000111101
01010011010101100111111000011101
10010011011011110111001010011011
11100011010110110101111110001011
10111011011110101001011001111101
01111110000110000001110001011011
11100011001010010111010100111010
10100110100011011010000000101010
00011001010111110010010111111010
00000010010000000010001010101000
11010010100100111101111001100111
10001000110010011000111000111001
11110010110011000110000000000111
10111111000100011010101101000100
00010011001010001101110010001110
10000110011111100010000010100000
00010010111110110010001001110000
00110110100100010100101110000110
10110101100001111100000010110000
01101110011000100011011010101001
01100011010110000100100110010011
11010100001011100101101011011011
00000110110001001100101100011000
11011100000010101010110100110111
11010011111101100100101111100010
10100000101001001111000011110110
10100001101101010110100010110001
01011111111001000000010001101011
10010111010011000101111011101100
10001010110000111101100000100000
10110000011101010010101001100011
10010100100100001011100011101101
01000010111100001000111110110111
00101000001001000000101100110010
11111101101001100000001110011110
10110100000110001000001011011010
00110110111000000010111010011100
00110111111110011111110011010001
10011010100101100011001011101000
00110000101010101110010001010110
00010100111101001011100011001011
10011011110110110000011111110100
01011101110100101010001101001010
11110001000111110010010100010100
10111011110001011111100111001100
01110110101101100111000100001110
01101000010001011000000110010000
10101110100010001100100001101000
00000111010001110101100011011101
11011010001011000011000010001010
10100001101001011010010111010100
00000001101011110100001011011100
10000010001110111101001000001100
11111110100010101010111100010001
00000001111110101011000000000110
11110111000110101001001111010101
11011101110110100000100010111110
01000011101010111011001001111101
01110110101110111100101000001011
01000011000110110000000110110000
00110000111100111111101101101100
11011011011101011010100011001101
10110101111000110000011000101001
01000011010100011111000011001011
00010110110100011010100110000100
00100101101100101110110100000110
11000011010111000010000010001001
01011000110011010110100110101111
01110000010000011000001000100110
01111100111011110111000111001101
11110101000110010110111001001001
10101111110001011000100000001111
10101110001110010010111011101010
10000001100110100101010100101011
10001100100110110100001011111001
10000111011010101011100001010101
11011011000010111001010010010101
01010101101001110001000011010000
01001011000010001110110111110111
00000111000101010111111111100110
01101010010110111011010100101100
11010111011011100101111110001011
00001000111100000110010011101011
11011000011111001111110011001101
10101101110101110111011111110111
10010101000110101010101100010110
01011110111101000001111111110000
11010011110101101011111001100010
01010101001101110011010111101100
11100010000000101101000111101001
10000110100011101000011110010000
00100001110011000111000111100001
10000011001000100101110101111010
01100100110111100010100010001101
11110001111101100101011110011000
11010101110100111010011111011111
00001010000111110101111101011000
11111000100011100011101001100100
10011100101111100100111100011011
01010010010100111111111000001011
01111011100011010101110010110100
11110000010110111001011011010000
11111111110001001011111110110101
00011011100110111010111001001011
00100010000110110110110011011001
00001000111001010101101010110101
11111000001110110110000010101101
00110001110001001001110001010001
01111100010111001011101010111101
00100101100000100010011010000010
10101000110000000101010010010101
11100111011111010001110111101001
00001111011000001000000100011000
10010110101001011010010110110000
01011001000000010110110010001111
10100000111111011001100011111000
01000001100111000101010101100011
10111010111110001000100001010101
00010110000110111101101000110001
11000001010000110101111010111000
00111100011011010111011111011011
10111100010010011010111001110101
00001010011010011010110011100010
00010101010010101010110101011011
01111011100010100011100010001100
11100110010110101110000010001100
01010000011010111000011100111010
00010111001000000010101110000100
10111001011101000110100101010101
10010000011111011011010110000100
11111101001100101000010110110000
01110111010010110000010001110111
00111101111000101100011010001000
10110010111111101000101001010101
01000010010001001110011100101110
00011010011101011101101100100010
00011010000010100000111010110111
11111110011111000001001110100010
01111101111100111000110011111010
11100100010110000001110101010110
11001111010101111110101111110010
01111000101010000010100101011110
10010000100010110110101011111101
00000100011100110011100110111110
00101110000100100001110101011111
01000110111110111100011101000001
00100010011100101001101101111010
11010001110010111100100101110001
10101010100000000100100100110000
00011100100110000010100001101100
10011001110110001010010000100000
00101000000100101001000111101000
01101010101111111101100101111100
01101101101110010101101001000100
01110100100100101110011001110010
10110101011101010111011010010101
10100011101100011110011001001101
00010111110101011010111100010000
10000100001000101111100000100101
01110111110010101010011101100011
10101110110011000100110010100100
01000111101011010100010100011110
11001010110101101010110000010011
00111110000000001000010100101110
00011010000011011011100100100101
10000010010111111000100001100110
10100001001111000001100000001110
01010011110001111000010101000100
10011110100101000110111101001001
01101110111110010101000110111111
11101100110101010011100100101111
10011100000001010111101101010111
00101100100010100100101110111011
01010010001111100110110010100100
10011000110000100011010101101011
11101010010111000000011000011011
01011000110100111110101001001010
10101000000010011101111110100110
11100010001001011110010100100011
10011101000110000110001001000100
11100010010111100011011001101111
01000011111001000001010000000100
00010100011111100001110110100001
10110110010111101010101101100101
11101101101000100010111010101011
01000111010001110100010100011010
10001011110011000010001001000011
01111100011011100010100100110011
11011111100000001100111000011001
01110101101001111100010110011100
10011000000101111110010011101111
00110010000111010100101000000010
01001111010100001011000101111011
01010100110111011011001001111110
01110001111110100001110100110011
11100110010010000110111011001101
11101011001110111100110000010101
10101101100011111101101010000101
00101000101001010110001111000000
00011100111100000000111011010000
10110100111000010001001011110101
00000011011000111100001101101101
00001011001000011011000001001000
10110101010001100111110100111011
00000110100001101111110111110000
11011100110000001000001001111000
10111100001110100001000000000010
10111111010110101000000000010011
10011000101110101001101100110111
10101101100111101100101111001001
01001011001010111101101001000101
00101110010110110100101001111011
00100011001100000011001111001100
00000001010111101100100111110001
00100101011101110000000001111010
11001101001111011111100111010010
00111100101101100110100111000001
01011100011000101110100011010110
10001110111001000101010011110100
10110011111101110011000011011011
11111100000110011011000110001110
00110110001110100010111111101001
10000100100010001001001001001001
01110100010101101000110010011000
00111111010000111010011010001110
00100000110000100011101111111010
11000101110111011000010100010011
10000111111011010010110000011010
01000110110001000111001110110010
11010101110101001100010100000100
00111101011101011000010101110110
11000100010101100100101010110000
00111010110000001110001111001110
01000010100110010110101010001100
01110101101000101111010001101100
01101100101010100110000011001100
10101100110110001110001100000100
11011011110000100011101001001100
00001010101010011001110100000011
11011110111001101010101000110101
00001000101110000011000010001011
01010110000110111100100000101111
01101000001001001100110001010110
10000010111101110000000011000110
00111101000010100111001011010101
00100011111101010100010111011000
00000101100000100111111100101000
10000000110101100111001011001011
10100000100001110010101000010010
00111111001110101001100110110001
11111010000110001101101100010101
01001110100111011001101010101111
00110001100110011110000001001010
11111000000100100011000110000100
01110010010011101011110010100011
10001101011100110111011001011011
00110111000111001111010110010101
10111101101100110101000110101000
10111011111101100001011010110110
10101000110000010111000000110011
11100000101000000000111001000011
11000100101110100100111110001111
11110111000010101111100111011110
01001101001111110010100101001110
00000111011001111111000100011110
00100100011101000100010011110111
10001011010001010111101000100000
11100111000010010110011100001011
01110011000101111100100000110110
11100000011010111001111001100011
11010000000101001101001001001010
11011100111000100100010101001010
11010100000000101100111101010010
00001010111011110111100101011101
11010011110110100010000000111000
00101000100101001010001110100100
10111110010010111001011000010100
10101011010010111001000010101000
00100111000110010110111100110110
10110110010110110001110001110100
11101111010010110110001101011111
00101100101010011100110000110100
11100101010001001010110010101010
10110000010110101111110101001010
11011111010010100110111110001001
11011001001101111111001111010110
10010011111000110101110010001000
10111010001010100000001011001111
00111111011011110011011001100010
00011011001101110000011110100101
11111111100101010111110111100110
11110000101010110000110101010001
10101101010000111100010101100101
01010000101101001111101110111111
01110111000011111101100111110100
11001010011110010111001001110100
01100100111001001101111010011000
01000010000011111011101000101111
00011010010100101110001010001110
10101001000110010001110000101100
01100011010010001011000100011110
00001110000011001000101000001100
00001001000101001000010000101010
01010100010010001001010101111111
10010000101011010111010111000101
00100001111110100011111111010100
11101001110101010111001001000010
00110011100100001010111111110010
01111000111100111001010000111110
10000110111000110011101001111000
01001111011101110011001001110110
10101110011101110011111111000101
01000011101011101100111000001010
10100100001011001100100100001110
11000111111010011011011100111110
01010110010111001001100001011010
11100000111101010010011001010000
01110010110110000011110111101001
11000011010011011011111001001100
00110100011010100100011101001101
11011011001100101001011000001010
10100100110101111010000100000000
00110110111001010110011010000111
00011110101001001000010001111100
00110100111100000001001011101110
00101111101111111101101000010111
10110100111000110010110001111001
01101000100111001100001011101011
10000000110111101101001000010101
10010111000101010111010110101001
00100000101000100110001110110011
11001000100011010011111010010100
10001111110011001110000111000101
00000010111101011001001001100101
00100110000000001010111000110011
01110110111111011111011000110011
11100011001100100100111100110011
01110100000100111010111000001000
10100100011101101100001101001110
11110010110011001010100011011100
11110100101010110110110111110011
00000000100100000010100110001101
00101011011110100110001011100001
01000111100101110100111011011000
11100000110011101000010100011000
00001011000010001111001100011000
01010101110010111100101101101010
01010110100111101100111010111010
01000110110000000111110000101111
01001011000001000100001110010111
01111001110000110000110100010011
01110101101011101011110010001011
01111101011001110100110010110110
10011000001110011010111001000110
00010001101001111110001011111110
11010110101100110100101111001101
11011011101001010110010010110001
11101011000100001100110111111111
10001011111011101101111100010111
00000101100100000001010000000001
10000000100010011010110111110111
10100100100110011010100101101110
00100111001011100000111101101010
10111001111111111111010011011110
10011101100000000111011010111101
11001011011001111111100100010110
11011001010001001101101010110010
01111100101010000100011011110100
01011100101000010000100001010100
11100100100011110011010001100011
11111011110000101001001001100010
10011010011001111010011101110011
10011111010111010110001010000100
00010011110101001101111000110110
00110000110011100110110110010110
01111100100010011111100111011001
01011010101100010110010101011011
00111010011110101010111010111001
11011111101011011010010001101111
00010011001011000111110111101010
10000000110000111100101111000111
10011111000100010110011010111000
00000111100001100110101011000011
10100111101000011011011000111010
01111111111111001101011100101101
10000000000000100011111110001000
11110101110111110000100111111101
01110000111110101010101111111011
00000111100000100110100110010110
01110000010000101010010101000011
01100000010111110101110011100000
00011111111000101000001100111110
00000110011101000001111111111101
11101001100000101111011111111000
00000100010011110111101111000001
11010011111110110000101001010001
10110001100000011011011101101100
00010100000010011010010010100101
11011000111111111001011001011011
10001111110010011111110100111100
11100101100010101100001000100011
11010111101010010000011011101110
00000001111110001110000001000001
11101110001110100001001111100011
00010010100011001011010011110111
10110011101101100110011100001000
11010000100111110011111000111000
10000100110110001101100100011001
00001011000011000001011100001001
00100001101110010110011101110010
10000011001101001110000011100101
11111111001100000111111001100100
10101010011001100100101101011101
01010001011110000100101101000010
11000010010101110111000011110000
10110111010000001001111100010000
00010110011110110000011000001110
00101101110011101011000011100000
10101110001111000100101001101110
11010000001110000000010001011010
10100000100010001011011010011110
01110001000100100010010100111111
11011100100001011101001111101010
00000111000010011000010011010011
10100011110110100010011101011000
10101010100110100011011001110101
10110011000100101010001010011001
01100111000101111010010010100100
01001010001001100110000110001110
01100110100110011100100010110011
10110000100010101000000100110000
00101111101100010010000001010101
10100101111110101010010001110010
10001110001101011110110100111010
01110011011101001000100010010011
11001000110100100111100101111101
11111111000111100101110101100001
00011000011111000111110000010010
11001101010111010001000101010000
00100001100100000000100100010101
11111011111111001111101110101011
01101111111100100000101001011101
01111001101001110000010100101000
01111101011010111010100010110110
01111101110000101010001100100100
10111101000111010001000010010000
10010011100001011101000011100011
00011000111000010111010111101100
10111100100111101100010000111101
11011010010011100010010010001101
00010011100010101001100100001100
11010100111111101101000001111000
01101101110011001010100000101011
10011111110001101110110111101011
11111011110000000001011010001011
00110110100100001001101000101101
