11111101110011000011001011110011
11011011010001011100100011111010
01010010101010001011010110000101
11111010000010110010101011001111
01101000000101111000100001110110
10100111001110010001110101001100
01111010001111101001010001111001
00011011000100110110100001010111
10110100011110110100001000101110
01001101010110111011100101001010
01011010101000111110111110011111
00111000000101011100101110111100
00110111001000010001111010001101
10000100111011111101000001100000
11110010110101001001101100011110
10010111101111000101100101010000
00001111001100011010001101001101
01000101111111010010100100101101
00000101101011010011110000110110
00000011101000000100101001100001
10111100011110000000000010111001
01010000010100001110011100010001
11000111100111100111100101000101
11100010110000011001001011000111
00010001011111110111010001111001
00010011111000110000001100011110
11000010100001000111011111011001
00001011001101010110100011110011
10000111001110000101011010101101
10110110100110111011011000110011
00110110000011001101010011011000
00100110001011110100000001010100
01101110000100101001000011011000
00010001111011001000000111001010
11000100000010101010001111101110
11111101011001010010100111010101
10001011101001000000101011001110
01100000111000100111011000111101
10011010101000010001001110100110
00111010010000001000011001001011
11010010110110000010010101000110
10001101010011110110110000001001
01000010111111000110000110001010
00110101111010010100101010110111
10110010011110101001011110101101
10010010000000010000111110100110
00001011111111111011001111100100
11010110100111001100111111011001
10101100101111001001111001011111
10001011110110001010111100111101
01101011101000110110000011011111
01110010111010001111000111000000
11000011010010000111010111111010
00110001010110000011001001010010
11001111000100010110110100001110
11001011110010000110111110101001
01110101111001111100010101101000
01000011001110111100111011110011
11011110110111010001011100101010
11010100011110111010111101001100
11001100110101111110011100110000
00101000100100110101101011110110
11000100110011000001111101100110
10101111100100010111010000001101
00010110010111001101111101001000
01000011110010000000111111010110
10110001101111111011000101100110
01100100100010011010001000001111
00101010101100011110111101011100
11110111101110011101100110111110
11001010000100101110101000001001
01100110100110010100000111011111
00010001101001101010000110000011
01101011000110000101100001111111
10010001011110100011101001101011
11110101011000000100101101010010
11010101000101011111010001111100
10100010111010100001110111110011
10100110100110001000000010110001
01000101011010110011110010001110
11000011101110100001111111111110
00101010010101100001000001011001
11111010111001101110000111111101
10101010110101010101001101101000
10001011001101011101100011100010
10010010010000110010001100001010
01111100010100001100110100010100
00001011101111011000110110101110
01101110100100110000000011111000
01111010001010101011000010011101
00010001011000110110000111000100
00101011000111010110010011111000
00011010110111010010100001011011
00101000111110000011011011001100
11110010011110001110101010101100
11111000000111011001101111100101
00011011101011110101100001110010
01010101101110001000011110110101
11011010001111110111011001001001
11000010100111011110110011001110
01101010010001010100110001000110
00000010101100101101011111010110
11001011011001000111010011011001
11001111111001011000110100010000
11101000011100111000011110101110
11101001111111001110001111100110
11110101111001011100111110111111
10001110010100011001111001100110
11000011010110111010110011101101
11000111001000001001101000000101
11000110100010100000100011110001
01100111000101001101000101001110
10000111100010110001111100100101
01011010010001100100010101111001
10000000000001000111101000110010
01101010001000011010010011101010
11001110000000101101100010111000
11000001100101101100111001000110
01111101111000001101010000010010
11111100011110010000001001000010
10100110101110111111110010110111
10100101010101100001010100000100
11111000001110111110100001010101
10101010101001011110000100101111
11010110101111101011000100100100
11110100011010000100111110001001
01000100111011010001010000111110
01000011010101010110000011101010
11111010111110110000000010100011
00001111001010111110101100101011
01010001000100111101010101101111
00101000101011100111111110011110
00001011110101110000101011001010
00110011111111111111001001000001
10010000010001001101110100110010
10000010111011110000011000101110
11001000010101010011100111111010
00111101000100110011110001100110
01001110000000111111000001111010
00100001111111100101010111101011
01101101010001001011011111101001
11111101010000110111111010010100
10000011010100110110011100111110
11111101100101101110001110101110
10010010111101100111110101110000
10100010110101000000000110001100
10010110101000110100000000010101
11000101111100111110111010101111
01000101101001101001100000010111
01110000011100010010111110111111
00101101001011000111000100000011
00011001101100101011001010001010
11111100111000101001100111110110
11110110101100101000000011001000
01100101001101111000110111111101
10100000110101010000010101000011
01011000110000110100101010101110
01111111110000000000000011101100
10110000101101101100010001100011
01010010100010100001011111101011
11101100111011111101011111100001
11001101001100100001010111011000
01011101101110011001000100010111
01100111011110010101010101010100
01111100110111101100000000001000
00001110010010010111001001101100
10100100010100011011101001100000
10000100001101000100000001100111
10011011001100000000101010110010
01001101100110000010010001111110
10001111100100111111001100000000
00010101010000111101010100010100
10001111110001011010001101011010
10011111000110110000001011001010
00101111100110110000010001111001
00001101111011010001110101000110
00000110010110100010110010111000
11111110110101110100001011010100
00010010101101001001100000011011
11101001000100100011110000100011
10100010100101110011001011101100
11000000011111011101011000001010
11010000111110000010000111111111
00011100101000111000010111011111
01110111100000010111000010000100
00100100110010001100000101110000
01010000111110111000011001011111
10001110111110101100110101111111
01101110000011100011100001010000
10011010110011011100001000000001
00110011100100101011010101101111
01110001110011100010111100101101
10001111000010100110011110100010
10101100000101001000001110000111
01010101001000000000111011010010
11100011101100111011100011101000
01000001100101111110011100110101
00000011100001110001101110010011
10011001010011011011011110110101
10011000011000110000100100001111
01111001000101100001000010001100
00010110101111100101010001110111
01011110011101001000100000110010
10100100010010001110110110011101
10100100001100110111111011001001
11100111101010001010010001011010
00000111111001011001110010110100
11110000111010110111010101101000
00100001111100011100010000101100
11001101110110110100111010010010
00101100100100011000111110011001
10000011110001100000111100101011
00011000000010110001101100010100
11010101001010111111010101010010
00001100011000001001001111010101
10111101101010010110011001101101
11001001001111011101110010011001
01001110000110111001111101111011
11011011101100010011110111000001
00001011001001100111101101111011
10011101000001011111111011110000
00111111111100000011010111100010
11010111111100011111010001110001
00011011000011011010010010010111
11011001100111001011001011111101
00011001001100101001100110010101
10000010100001111010111111001001
00111011001100100101000000100011
01101111100001011110111010100010
01000101101010000111100101111010
01001111101101100101000011010100
11011101101011000100110100110000
00011001100101010100001111010010
01011010001001111001001111001110
11110011111111111011101100000101
00100110110110010100010100101000
10101000001011110110110011000001
00111000101000100001001011001101
00110110010101111011011001001101
11001011001111110010011000001111
11100100101010000010010011111101
01011010101001110011101101101101
01001010111101101001010001010000
01000001000101100001010011011010
11110001101001111001100100011001
11100110110011110110100010010011
11000001011000100010010001111011
10010111000101011100101101101000
01100100111001011001110000100110
01011100011101000001001010101010
10010100011011111101101000110111
10001011011101110111111010111110
00110010010100011001011100110110
11100110011001111001111000010111
11111011100011000111111001010011
10101110111000001111111010101011
00000111101100110001011001110010
01111110110100000101111010101011
11001010101110101000001001010111
11100010010000110001001011010100
01111001101111100110110010101111
00101111111010000110000000101000
00111011010011100110110110111000
01011001111010010101000100001111
10011101101011001000001110110010
01110010101011011010000010100010
00111010101011111010000100010000
01101111111000001010011000110100
00001110010001010001001101010011
01101011001011111101111010000001
10000110010010011000010110010111
10011110100000011001011001000011
11001000111100100100001010100001
01011101111110110110110010110010
00100000110010111010101000101101
10110001010001011001010100011110
01011011000000100100000110000111
10100011001011010110111101110101
00011010010101001010110101001011
10001010000011110110101101011100
01111110111011010101110011000010
11011110110110100011000001001000
10001001100110000001110101111000
01011000001110100100001101001000
11000100001010001001001101101011
10001011000001000010001010011110
01110000000101000100010011000000
11100010000000101011101001001010
00111110010001101110111100010110
10100011001010011101100010000110
00110010001100001011000001111111
11101101011111101110000010111101
10101011001001101010111101000010
00011010100100100011001101010000
11101111001111001111100100010001
11111100100011101010000110111111
01110111010111111101000100011110
11011111010010000100100010110000
10000011000001111101000101100100
01101010100110011011011100101110
10001001010101100110100111000101
01111101101111101101001001011110
11000001001100001111111111000010
01101001010111111111011011101000
10111101010111111000111011010000
10011110010101000010001101101111
10110010001000010011011000101111
10100011011111011010100100111100
10101100100110110000011001110111
10110110010001011110001110000110
10110000001001011000101100100101
11011000000110011100010001010110
01101000010111100001111010110001
00000011111101110011000110010001
10010011111111100011011010010110
11110000011000111101010100010010
10111110010001010110000101100000
00100101100011110110100011110101
00000011110101000010110000001101
11000000110000011101110101110111
01100010000101010000000100010001
01011100010111111100110110001111
00100000111001110111011000100100
11001001001010011111011001000011
01100000010011011010000011000010
00000110100010101111000011100100
11011011000100111000111011010001
11001101101001101010010011000011
10100100010111110001001100000111
11011100110001000110100110100100
11101010111110011100101110100110
00010010110000000011011111111110
10001001000001000000101011010001
00100111101101001101100010110000
01111011010001000000001111110101
01001001110100001101110011011111
10101111110111101100000000011011
01100110111001111001101000100101
00001100011110101001100100001101
01101111100000100010010000100110
11001111101111100011101010000100
10111000000100111101000011111001
01010010111100101010100000011110
11011101111101110001001011100001
10101000000111101011110100000000
10011011111100101111110111011001
00010100011101010000010101001001
11110111000001110000101001000100
10111111010001011110010111001000
01010100101011010010010100101100
00000111101000011011100000100101
11001010001101100001001100100010
11100000101010010110111110111010
10000100010000010000101011101000
01011011001100001111101110110101
11001110000011101010100100111100
00101110000101110010001100011111
01001001111100101100110111110100
10111100111101100111001101001100
01000100101101101000010100011111
10001011110010011101110101110010
01101001100110000001011011100000
10110101000100101110101010011111
00011001000100110010010001101110
10111011101010101100010001010101
00110101000110011101110000110100
00011100010010001001001011101110
01001001100010011100101100010010
01111000101000000101111010001011
10010101001000001000000000000011
00110100110101001011001001110001
10001001011110001000001110111100
01100110001110110110100010000000
11000100010001111001011010011110
11010100010001111000101101101101
10011010011000100001101110010010
10110110110100000111101000001010
00111110000001100010100111101110
11011100111100111000110110110001
00111000000010101000100101001010
11111110100111001010001111001110
10010001001111001110000010111111
11010110101100010011010111111101
00111001011010000001001010000111
10011101000011101100100111010000
11100001111101010000100111010001
11111010110111000110110101111011
10010010110110001010110001010011
00011110010011101101110111001011
00001011001001000000000010000111
10111110101010011010000101001010
00010111110111110011000010000010
00101011001001010110001000011110
00100011011011110110101100111111
11010110111111000100001000101111
01001011110010110001111011011000
11111010010011111010110010010010
00011111011010101110000100001100
10100011011001010001111110011101
10010000010001101100111100010100
01010011001101001010110100001000
00100111111101101101110111101110
11111111010100001111101000011011
10000100010101101100001110011111
01111101001011100011101101101010
01111111000111100000011011101110
10000110100110101011111010000111
11001011101110001100001100110011
00010110001111110000011101111111
11101100111001110110010111101000
11011001000001110010010010100110
11100010001011110100011001010000
11001010011001101000000101011100
11101100011000010111011100000110
01001001011101101011010001111011
01110010101011000011111001110001
10010011010111101111111000010111
11000001011000110000011110000001
10110110000110110001101101000000
01011011101111000000100110001100
01010110101011010000001011001011
11011111010101011111010001101011
01100011111100010010101111100110
11100100100100000010101101010001
01011101010110010000111011111010
11111100001111001011000111011101
10101000110111100000001000110100
01110101110100010100011101101100
11001000010111011111000100101011
01101111000001101101010100101001
01010011001010001100000111100101
00011101011010110000001000011011
10010110001101110011111011101010
00000010101010101001011010001101
11011110010110101001000000110000
00111011100110111111010001100000
01110010101001010101101111001111
11101010011001000110001111011001
00011110110111111101000000110000
11011010011110001001000111000011
01101001101001011000010101010000
01110110000111000011110010110101
00010000111101000010101011001111
00110110000101011011111010110100
01110000000000111011000000111011
11001011101010111110111111110101
10100010011011011001001001110011
01011011111001100100100111101001
10110001010110010000010111111001
00000111001011101100011111001100
10011011111101010010010101110100
00011101101001011110010001110001
01111110111011101011011100101111
00100111100100000111000011101010
01010110101010100100010101110100
10000011101100001111101110110010
01001000011000100011111011000111
11000111000000110010001100000111
01110110000101010100011100000000
11101001011110011011110101010101
11111011000110101011000010001000
01111001101010010101101011111110
11110000101100000111010011110111
11110001100101001011001100100000
00111111001111100100100100111101
10010111000100111001010010100010
00101001000111100001100100111010
01100100101011010000101101101100
10101000011110011110101011000010
01110101011011101100111000100101
10001110000110000000000000001000
11010101001001001110101010101001
11110110001001111100100010101100
10000000010111100101011010111011
01110101110011000000001001101111
11011111011010001101011101000110
11100010000010001000011111011010
01100101011101100010111111000001
10010111101011001101010011100001
11110000111011010101110110100110
01101000111101010110011110011110
00100010111001111110010001110000
10011110000101011110110100010010
11111001011100001010000110101110
11110110111110110000100110001000
00011111111000110111110100100100
00010001110000001000011111001010
11010001101100101110011110000110
11010001000100110100001000001011
10101000010100111100101111000110
11001011111111100111100110110010
00000011101110111001111101010000
01110011011000010111101000110111
00001101001110100011011110110010
01000110010100010001010100000001
01000001001001001111000111000111
01101010101101100011111101010110
01001000100011011011000000110101
11101111010010101101111100110100
10000011100001001100101101011101
00010001001110000010010111011101
00001001011111110000100101000011
11111011001101011010101011110100
01101111011010001010001111111011
01000011011101000100010000000011
01110111000010001000000100011101
00100000111110001111111111001010
00111011101110110000110111000000
10101011001001101011100011010101
00001000111101001101101011100110
10100111110101000110101111111100
10110100100011010110000101101100
00100111010110110001011110010111
10101110000100010010010010110111
01001101000111001101100111001011
11101000000011011111101101011100
00011010110000000100000100110101
01110101100100011100101110100001
00111100001100000100010101100100
10101110110100001011100010001110
01000011101101001101111110010011
11100101101001010111010011011100
01001101101011101100110110011010
01101010101010101111111100101101
00110100110010001101111101110101
11100101111101100011000111001111
01101111101000011010101001001000
10100000110010000101011001100001
00011110011101100001011110111111
10100101111101010011010010010101
11001010100111111111111101110110
11101101101011010100010110000101
00011001001100011101101010101111
01111011111010100001011011100101
10111110111101001011010111100110
10110000001001110111001101100000
00010010000101001001111001001100
00110000111110111001110110101010
00011111101000000010001101110101
11111100100000110011010000111110
10111110110001111011001001011011
10000101111010001011111110100000
00110000010110011001011101110100
00000011000000010011100110010101
00100010110001110111101001111010
01001011101110111110101111110011
11111100001111100010111011001011
00010010001010111010010000101111
11011011111010111110001111111011
10010111100010010001000110110000
11000100101001101110011100101010
11011001101010111000010000100001
01100101011101100011011110110011
00110111001000100110010110001010
01101100001000001011111000000101
01000100111111001010100111110001
01000101100101111010011010101110
10110100010001100100111001010110
01010111000000010011010011100100
00011001100101000110110101000101
00101101101111001011011000100011
11101010011110010010100001100101
11000110101111110110001100110000
10110001110100001010011001000100
00100101101001101000011101111010
00011000100101001001111001110000
10101111100111000111010101001000
00011001011011011010100101111001
01100001001111100000011111110001
10000000100011100111100111000100
01010110111011011110110101001001
00011100001001001011011001110001
10101011111010101110110101001110
11010011110010110111101111100110
00011000101101110101111010100010
10011010101111000101011011110101
00001100111011001000011010010111
10110100011001100001000000101011
00000111101011111001111110001011
00010100110000101100100111001011
10100001011001101111110111100110
10001110001001110011011001000010
10110001010100011011110111110000
00011100011101010101010111111111
11101100000110100000000110010000
10011110110110100101101110110101
01100010100101111110110111101001
01001101001011111010101000000111
01001011001100111011100000101111
00010000011011110101000010111100
11001000000100011010001101000001
01110111110100011011111001100011
01010010011101110100111001111101
10111010100111000010010000010110
11000010101100111111110110111001
00101111111101100000010011011110
00001010010000001110000101110010
10110000100100110111101000001101
10100110000011110101110111100101
01000100000100010101111101011010
10000111100111000110110000011010
00011111011011101001001000101110
00101100001111000001101101100001
00000111111000001101101100010011
11000101011001001001100000111110
11101011010000001101000001111000
01100101101000110111010000001110
01111111100000011001001010011100
01010001111000111110001000011001
10010111111100101000110011110001
10100100111100111000010011000010
00010110000110111111011101000110
11100110001111101110111011100000
11011011001101101101110101111000
11110011100111100001100100000000
11100110110100010010101110110001
01010101011010101011101010001110
01011001001011101101010010110111
10011111010100011100111100010001
01101110111001010001100001011010
01010011111010001100101001101101
11101100101110111100000001111011
10110101011111111111010011010110
10011001000100111010111100110000
11001110100001101010001011001011
10111101111000000010000101000001
01111110000010100001011000011100
10011110100100011111001111001010
00100111101101110011000100101001
01110011111101100001101000010010
01111010111111001011001100110000
10111011010000000111000111000010
10100000100100101010100011111111
11111001110110001101011010010001
10111101101010011001110010100000
01001001000101111111101011111110
01011000111101111101101010111010
01110001001110100011100001010011
10111101110011000111100111110111
11000110111001110000010100011000
11001010100100110110110111111110
00100010001000101111000010100010
01000010111111001010111000010110
00100000111010011101000000010110
11111101001001001111111010010111
10110000000110001000111011111101
01100001010010111001101010110101
10110000101001010000101110110111
01001001001111110100100110111100
10011111001000100111100001001111
01100010011011010100000010111001
11110100011010000010001110101000
01111111001000100000111011111010
00000100000010101100100010101111
10011110010001011101110100110001
11111111011011101100111010110110
01110011110001110000011111100010
10001000000000000011001100111111
11001010110101011101010010100010
00010010110000011010011000010010
00100100000000010000101000011011
11100111101101001101101101011000
10000000100110110110111111001100
00011011110101001011011110101100
00111111011010000000101110111111
01100011000000000110111000000101
01011001011011011101010100110010
11111110011000011011000010000010
11110110111101001001111000010011
01100100000000000101101100111000
01001010000010110001111000011000
10010011111010000010110010101100
11000010011110001101101000001010
11011101111000111000100111000101
11111101011110001101010100100111
10000010101000101110110010011111
11001111010101100000010000100100
00011100111110010011000111101000
11100110101100010010100010001010
11000000000010000000101101110000
10111100101101101000100001000000
01100110100010111100010100001101
00011010001010111101100000111111
10010010011100110101100101101100
11100111111000110111111111101100
01011001111110101110001100011111
10011101101011011110001010000111
11011100111010100000001011101000
01001000000100100111100011010010
11000011110100110010001110011010
01111010010001101000111011111111
01111000100000110100010011101110
10110010110001100000001111101000
00101001110100101101011101010111
01110111011000100110011010110101
01010000010100001000011011101011
10000101011111100110011010000101
11011111111001101101101100110010
00100100100111110110101111000011
11101001101100001011010110111000
00100111000110111010001000000111
00010100101100010101001011101110
11100110111101000101001001111010
00011011111100011100101000111111
11111100100110010011111100111000
00111010100001000111111111000001
01100011100011001000001011010010
01111100110001100101000011011000
11101001111010100010110000110011
11010011101011101100010000011010
11011100010010010011110000100011
00101011110010111100000111111010
01110000100001000111000000010000
11000101110111011000110011111011
01010001101101011011011100000111
01011001110011110011011111100001
11011110011001100111100010110001
10100101001101101111100000010100
10101000110011000111010011001000
01110111101101100001011110110101
01010110101110110111011010010000
10000001111010000001101011110010
11101000010101110110001011101100
11011110001000001110100101111111
01000110110000111011000100010010
10111110100101101010101011111101
00000100101011001101101001010011
11000110011001000000000111110000
00001010010110111011110011100101
01000011110111101111110100010111
11101011011000100010110011010101
10100011011111110011001111100110
10000001011001000101010110101001
10010001101101110001100011001011
10111101000100000001101101110110
10000000111010111110001010001011
01000011111101000000101110000011
01011010101010101111100000000010
11111011111111010000111001101110
00110001100001100011111010101101
00000110110000001111001111110001
00010101100101101011100110110000
00110001011100110011000011010111
00001011100111001111011111101011
01000101000010011011000101010110
11000001110111000011000011011101
11101111011011000010010101000100
01110001011011000010101110110011
10100111000110100101100011010100
01001110100000011000010111011111
10111110000100101001111111010011
01001111111110101000101110011111
00111111010100100001011100010001
01110000000010000000000011111001
11011100000110111011010000010001
00011110110101100110110101111110
11111011011010000010111000100011
11100110010110000000010101011010
11111100011110001100001100010111
10001011001111101101111010011010
10110011111011001100001110001111
11010101101000010010100111011000
11100000011110000101101111001000
00110111011100010011100011001011
01100001101101110111111010001100
10010100110110110101111010111101
01101011110010111110011010111100
10010000000101001001110100010101
10111001011010100110001111111001
00110111010011010100011010110010
11111000100100011000011111000011
10111010101101000111011000010101
11100111001110010111101110111111
01111110010011101011011111100000
00110010001110100001110100000000
01000011110001100001111100001010
00100010111110100100100100100110
11000101111100100101110001010101
01100011111011110100010000100100
11001001101011000000101101010100
00011100010101011111010100101010
01000110110011101011001011100010
00001011111100111010010000101011
00110010001110011101110101000010
11000101110110110110001001001010
01000001111000100101110110000101
10011100011110111111001001111011
00001101111011101001000001010101
10011001011101001010001110100010
11110100010001110011001100010111
01111100001000101101110010100101
01100100011110101110100000111111
10100100110000111011110111101100
00111000100111110110110001110010
10010100110111110000100101110101
01001001100001010100111010001000
10101100010000110110101111100011
10111000000000000000101110001110
01000100111110011110000110000000
10010110100101001011111111011101
11000011001110101100000011011001
10111111110100111110000110000101
10111001101001011100101010100011
11010110000111001110111100101001
01011100110001100010110011100110
00110000111000101110110000001000
11001110010011101000101001100110
10000010101111011100111000000110
11000001010011101000110101100111
00000100101110010100101011011011
00000111111101011000010011010100
00001011101000000000011001111000
01010101111010010111111100000100
00111011000110101111011100000111
01100111011010000101101000010001
00111101110100110011001011100110
10010101111111011110110010000001
00011001101011101111111111010100
10000110011110001011101111001010
00011001001111111000011111000001
10001101011010110101111011001101
10100101101100001100011100011110
01110000011111000010100000100101
10011001111010101110101100011100
00010111111100011101010110010100
01000111110000100010000000011111
11101010111001000001110110101111
10101110000001110000101011100011
00011010011010010100001001100111
10011011010100011101011001111001
01001100100111001111100001001100
11110101110100110010010000011010
00000100111000110010110111001110
00011100000111110101011011011001
10100010111001011011101000010100
10111110101110010110110100011110
01111011010110010010100011010111
00110111110010100001011011001101
11010011001100000101001010000001
10010000001111001100010001010010
00010110000011100111100010010111
01011110101011011010100011011001
10101101101111110110011111010110
10001101010001011111111111110001
01100011011100001000000110000100
10110100111000111100001010111000
11010000000011110011101110000000
11111010001011001010111101000000
11000100100011011001100111001001
11001010000111011101100111100110
00101101010111000000001101111111
10011001010011001100100010010010
01001101010011101111010001110001
00001110011101100111101001111001
10000011001000111001010101011110
11001111000111110101000101000000
11100101000111111101111110110100
11100010101011000000011001001010
11000110100101101011000011100101
10000100000101010100000000101111
11010001011111001001010110110100
01101010100000010101010000101001
01001011010100110011001001110101
01111110100001010001001011011111
11011001100110011011101000011011
01000110110101110101000101111100
01101100011000011110111010001000
10111100101100010101110001010100
00000101000101011100000011001010
11101110110100100001110011000101
00110111110111011110101000010011
10110101110011101000110010100110
10110010101100110000001100010110
11101111000011101111111101110011
11100111001111011001110100001110
00100010101101010111010010110100
11010011101100100100010110011011
11101101100110011111101101000110
00011011010000101010010011010110
01010010101100010000100011000000
11001110110110011100101110100100
10000000001101000010011101101001
00011111110010101101110100010100
11100011101110111001100000011001
11100111100010101011101011011011
01111111000111100011011011101111
00100000000000000111111010000101
10101111010000101001110101111110
00111000010101011001110010101001
01111011010111011011110011010000
10000011001101101110001100111101
01111000110101001100000111000110
00010001111101110001100111110001
01011000110000000010101011010000
00110010110110111100001000100110
11100111111010011001000000111011
00101101100100101101111100011000
10101001100011011100011110101111
01011001001101011110110111000110
01100011100010110110001110100000
00110001110101101100000100111100
10000110110101000001001010010000
11010011001001010000101101110011
01010101000100101100111011000110
00101101011111100001010111000000
00001101010001001100101111100101
11110110000110001110110110100000
00011110101011011110110101011100
00101010101111000110101111010100
01110011101011101110111111011110
01110011101101111111011100100111
01001001100010110100101000101100
00010111110000100110011011001001
11101100100100101101011111000010
11011110111001010101000011011010
00000010011000101101100010101101
10001000111100001000111001110101
00011100100001000100111110110001
00011010100101101110101001001100
00111001000001010100011001001010
11101110111000001010000001000010
00111101011011000100010101011011
01000100110001110110011011111010
10110000111000100010011101011011
10011010001000101100010100000110
10010001001000001001101010101010
11011011010110101101000110111100
01001101010010111010101111010101
11100111010001001010010111001001
01010001011010101010001101011100
10100001000100101011100110000001
11111000000011111000010000111100
01011011011000000101100100000001
01110001101010001111111100111000
11100011001110000100010011011100
10110011101110101101101111001111
00110101001011101101101010011110
11011000011111101011101101001001
10011001100011000100100010100011
11110000100010111000010110000111
00101101000001101001101100101011
11000111100101100110111111001011
00101100010001000101000101011110
10001000110110101011110101111111
11000110101101101001001001111101
11100110001111110101101010101111
01111100111111101100011011111001
01111111011101100100111011000011
11011010011001100100100100100100
11101110010001011000101000100101
01010100011110010100111010010000
00101100011111111101000111111111
00110101001111000000000110100000
11111010101110110001010111011011
11110001101000010100111001100010
01101000001111000000100111011011
00011110001111100011101100011011
01010010110010101010100111101100
00001000101000000000101011100100
01011110110000010101001000100001
00000111011001111110101010101101
00001011110111010100111000011010
10011011100111000001010000010001
11110101011010001011101001110100
11011101110100100011001001011111
00111001001101111000111000011011
00001101111010010110001010110100
10001011010101101100000100000111
10100010111111111110100110111001
11101111000100110011010001111111
00000101010011101111101000001011
01010101010000010010001011000011
10011110001010001010000100110110
00000100010011101101010100010011
10100011110011000011001010011111
00011001000101101101010000111111
10011011101110001110101010011100
10001001101001000010001010110110
11000010010011010100110101111001
11100000110011110111100110101000
01010100111011001011110101111100
01110001101110001110100110011011
00000000101010101001111110101000
10111100100111101111011010110111
00101111010101000100000001101111
10111101101011111101000010101101
11010110100010000111100001100101
10001111010110101010001010110010
01010001110111101100010100101111
01110110010101110110101000110111
00100101001011001101010101001011
00100001111111000101101001011100
01101110101010010010100000110011
01000101010011101100101111110001
10100010010101100011010011011011
01001011111111010100000011000100
11010010000011111110011101100011
00001011110100000101111110100010
00011111101000000001110010111101
